Solucion del sistema de ecuaciones:
x:1.000000#y:1.800000#z:1.600000
x:1.000000#y:4.00000#z:2.00000
x:3.000000#y:-4.00000#z:-2.00000


