Soluciones de los sistemas de ecuaciones:
x:0.222169#y:0.134678#z:1.368625
x:-1.374600#y:1.099235#z:1.431265
x:-1.433416#y:5.655362#z:0.171571
