Soluciones de los sistemas de ecuaciones:
x:-1.843938#y:1.540774#z:-2.623153
x:-2.889598#y:-0.167218#z:-0.550355
x:1.590359#y:3.526257#z:3.779098
